,Year,Single,Married,Widowed,Divorced
0,2018**,41.3%,42.5%,7.4%,8.8%
1,2017**,40.6%,43.8%,7.2%,8.4%
2,2016*,40.2%,44.4%,7.2%,8.2%
3,2015*,39.7%,44.9%,7.3%,8.1%
4,2014,39.4%,45.4%,7.3%,7.9%
5,2013,39.1%,46.1%,7.2%,7.5%
6,2012,38.6%,46.2%,7.5%,7.7%
7,2011,38.3%,46.6%,7.6%,7.6%
8,2010,37.9%,47%,7.6%,7.5%
9,2009,37.6%,47.4%,7.6%,7.3%
10,2008,37.2%,47.8%,7.7%,7.2%
11,2007,36.9%,48.2%,7.8%,7.1%
12,2006,36.5%,48.7%,7.8%,7%
